400
1 1 0 12
0 15 1 3
0 20 2 3
0 25 3 3
0 29 0 2
4 30 0 7
0 32 1 2
2 40 0 4
0 46 4 5
0 53 3 2
1 59 0 2
1 60 0 2
4 61 0 2
1 63 0 2
1 64 0 2
4 65 0 10
1 74 0 1
2 68 1 4
1 79 0 1
4 80 0 25
0 82 1 2
0 84 2 2
0 88 3 6
0 88 4 1
0 93 4 1
3 98 1 3
0 104 1 3
0 109 0 1
2 110 0 4
1 124 0 1
4 125 0 16
0 128 0 3
0 133 2 3
2 140 1 4
0 147 1 3
1 154 0 2
4 155 0 30
3 155 1 2
2 158 1 3
3 162 1 3
2 166 1 4
3 172 1 4
0 176 1 2
2 178 1 5
4 190 0 8
0 193 1 3
0 215 1 3
0 220 2 3
0 225 3 3
1 238 0 1
4 239 0 20
1 260 0 1
2 240 0 4
1 248 2 4
0 247 4 3
0 252 1 2
0 259 0 1
4 260 0 3
0 263 0 1
0 266 0 1
4 267 0 3
0 270 0 1
2 276 1 3
2 280 2 3
3 285 1 3
