660
1 1 0 12
4 9 0 28
0 37 0 1
2 10 0 4
0 16 4 5
3 23 1 3
0 26 1 1
0 30 1 2
0 45 2 5
0 54 0 1
4 55 0 3
0 58 0 1
0 64 1 10
0 66 4 5
0 84 0 1
4 85 0 30
0 105 0 1
0 87 1 2
0 90 1 5
0 98 2 4
0 104 1 5
2 118 1 3
1 122 3 2
1 125 3 2
4 129 0 20
2 130 1 2
0 135 1 4
1 142 1 2
1 143 1 2
0 149 0 1
0 155 0 2
0 160 1 3
0 165 0 1
4 166 0 10
0 168 1 6
0 176 0 1
2 180 0 3
0 185 5 4
0 190 6 4
0 193 1 5
1 210 0 3
1 211 1 2
0 200 1 4
3 225 1 2
0 230 0 1
4 231 0 4
0 235 0 1
2 240 1 2
3 243 1 2
2 249 1 4
4 270 0 2
0 260 2 5
0 268 3 5
0 275 1 5
2 289 0 4
